START: [-0.090709, -0.004441, 0.022659]
WS01: [1.253924, 0.048473, 0.049066]
WS02: [1.948180, -0.892450, 1.480488]
WS03: [2.841374, -0.042923, 3.060681]
WS04: [2.156986, 1.027297, -1.594349]
